5.368878532658527200e-03 -9.999855791892492407e-01 0.000000000000000000e+00 -1.107643156463359446e+01
9.999855791892494628e-01 5.368878532658527200e-03 0.000000000000000000e+00 3.788541785246196891e+00
0.000000000000000000e+00 0.000000000000000000e+00 1.000000000000000000e+00 -1.846100032329559326e+00
0.000000000000000000e+00 0.000000000000000000e+00 0.000000000000000000e+00 1.000000000000000000e+00
5.368878532658527200e-03 -9.999855791892492407e-01 0.000000000000000000e+00 -1.107643156463359446e+01
9.999855791892494628e-01 5.368878532658527200e-03 0.000000000000000000e+00 3.788541785246196891e+00
0.000000000000000000e+00 0.000000000000000000e+00 1.000000000000000000e+00 -1.694199979305267334e+00
0.000000000000000000e+00 0.000000000000000000e+00 0.000000000000000000e+00 1.000000000000000000e+00
5.339553223898372419e-03 -9.999857336186988022e-01 -1.161098390735313004e-04 -1.107651155274649568e+01
9.999857454530111101e-01 5.339557924201223348e-03 -4.002078114123855228e-05 3.788189524840014588e+00
4.064018695879582688e-05 -1.158944909915105226e-04 9.999999849168421662e-01 -1.454840452155005570e+00
0.000000000000000000e+00 0.000000000000000000e+00 0.000000000000000000e+00 1.000000000000000000e+00
5.211762921385369035e-03 -9.999864082315451652e-01 -3.051757653728749188e-04 -1.107684012576999066e+01
9.999864272576638458e-01 5.211799108381450114e-03 -1.189778306625821446e-04 3.786684687425305285e+00
1.205667227876501226e-04 -3.045515338891278587e-04 9.999999523166744897e-01 -1.368078536961950142e+00
0.000000000000000000e+00 0.000000000000000000e+00 0.000000000000000000e+00 1.000000000000000000e+00
5.220584186010859828e-03 -9.999863268274956640e-01 -3.010034291138581532e-04 -1.107682534508023764e+01
9.999863472282164434e-01 5.220614465806793468e-03 -1.015194794892094473e-04 3.786793618447450438e+00
1.030895132114270386e-04 -3.004693351869802622e-04 9.999999586953739472e-01 -1.374048269739296391e+00
0.000000000000000000e+00 0.000000000000000000e+00 0.000000000000000000e+00 1.000000000000000000e+00
5.240611199960399855e-03 -9.999862727816725139e-01 -1.145601188991345168e-04 -1.108351882984118220e+01
9.999862818038854906e-01 5.240618346008254873e-03 -6.350018729674956008e-05 3.787039649194838375e+00
6.409968642177892506e-05 -1.142257671168682084e-04 9.999999828437050597e-01 -1.390545545502845481e+00
0.000000000000000000e+00 0.000000000000000000e+00 0.000000000000000000e+00 1.000000000000000000e+00
5.232501769547061136e-03 -9.999856619845755024e-01 1.112579999947006099e-03 -1.121091900930753127e+01
9.999863030397166952e-01 5.232468579191019466e-03 -3.264632597458918498e-05 3.786967609767137422e+00
2.682431853818279912e-05 1.112735598478327556e-03 9.999993571459515618e-01 -1.390077576241185220e+00
0.000000000000000000e+00 0.000000000000000000e+00 0.000000000000000000e+00 1.000000000000000000e+00
5.244895738406259167e-03 -9.999849888614538163e-01 1.583575460134923046e-03 -1.144628118584924437e+01
9.999862437416254801e-01 5.244836234201971301e-03 -4.168942024993308582e-05 3.787106258211829335e+00
3.338320227179417159e-05 1.583772252809541965e-03 9.999987422468351594e-01 -1.392045185920422146e+00
0.000000000000000000e+00 0.000000000000000000e+00 0.000000000000000000e+00 1.000000000000000000e+00
5.245850494904146129e-03 -9.999851830666721675e-01 1.457929204310227326e-03 -1.174591583201913636e+01
9.999862340668316252e-01 5.245785769144021247e-03 -4.819827501938700589e-05 3.787110626087144105e+00
4.054957686181644014e-05 1.458161945769908272e-03 9.999989450019212134e-01 -1.397092149020701335e+00
0.000000000000000000e+00 0.000000000000000000e+00 0.000000000000000000e+00 1.000000000000000000e+00
5.243946460002525851e-03 -9.999858503677957478e-01 8.724925702160944967e-04 -1.205431151671717771e+01
9.999862516998880846e-01 5.243903527239471112e-03 -5.204702853669197603e-05 3.787082226722381595e+00
4.747102805979132046e-05 8.727535118810649710e-04 9.999995936755053938e-01 -1.405816171276803361e+00
0.000000000000000000e+00 0.000000000000000000e+00 0.000000000000000000e+00 1.000000000000000000e+00
5.296400075369426565e-03 -9.999859634953881526e-01 2.894401569144467888e-04 -1.234089245957031267e+01
9.999859867383515954e-01 5.296390850752178553e-03 -3.188234709975641858e-05 3.787665978367653619e+00
3.034890837514784501e-05 2.896049418149127344e-04 9.999999748125638632e-01 -1.413922490781508667e+00
0.000000000000000000e+00 0.000000000000000000e+00 0.000000000000000000e+00 1.000000000000000000e+00
5.296400008374384238e-03 -9.999859725304525160e-01 -1.230239877131039780e-04 -1.259749690907563036e+01
9.999859876603820474e-01 5.296400488421446236e-03 -1.625317818543806770e-06 3.787676716859337489e+00
2.276879320383646327e-06 -1.230136527669225697e-04 9.999999848624570031e-01 -1.419699725513612787e+00
0.000000000000000000e+00 0.000000000000000000e+00 0.000000000000000000e+00 1.000000000000000000e+00
5.294016076671647676e-03 -9.999859950911749173e-01 -2.743005843138616724e-04 -1.282907461500866475e+01
9.999860107249424201e-01 5.294015132713395834e-03 3.195793030717835314e-06 3.787657155800156161e+00
-1.743596610837011813e-06 -2.743136395237384781e-04 9.999999843536306887e-01 -1.421928340076207942e+00
0.000000000000000000e+00 0.000000000000000000e+00 0.000000000000000000e+00 1.000000000000000000e+00
5.293777991433334246e-03 -9.999860061260220645e-01 -8.308886586459348614e-05 -1.306506688923781212e+01
9.999860130249357271e-01 5.293777585390993870e-03 2.663160429573172479e-06 3.787654638724308853e+00
-2.223269062606504139e-06 -8.310180298425938277e-05 9.999999930891476652e-01 -1.419519003369454246e+00
0.000000000000000000e+00 0.000000000000000000e+00 0.000000000000000000e+00 1.000000000000000000e+00
5.293539079778006133e-03 -9.999859609117557335e-01 2.332925452226841548e-04 -1.333045682190882530e+01
9.999860153270371255e-01 5.293539896254888764e-03 2.130528340390899002e-06 3.787651008388471130e+00
-3.365441916442277414e-06 2.332780118469657217e-04 9.999999455700446793e-01 -1.415257154841465859e+00
0.000000000000000000e+00 0.000000000000000000e+00 0.000000000000000000e+00 1.000000000000000000e+00
5.293539267198172325e-03 -9.999859680571071552e-01 2.174377467552030690e-04 -1.360994760528447500e+01
9.999860153298146814e-01 5.293539746674121721e-03 1.597896684233969158e-06 3.787650823970023062e+00
-2.748889589234137150e-06 2.174262345369317882e-04 9.999999527182734660e-01 -1.415429797855415561e+00
0.000000000000000000e+00 0.000000000000000000e+00 0.000000000000000000e+00 1.000000000000000000e+00
5.293777892901215150e-03 -9.999860080835334397e-01 -7.033347117723865664e-05 -1.387063472956353394e+01
9.999860130288983351e-01 5.293777694306872790e-03 1.597896488008661071e-06 3.787654368128868576e+00
-1.225544333950023626e-06 -7.034094836761320781e-05 9.999999950506492929e-01 -1.419469588261184967e+00
0.000000000000000000e+00 0.000000000000000000e+00 0.000000000000000000e+00 1.000000000000000000e+00
5.293777308030782683e-03 -9.999859608094612273e-01 -2.285241721819491686e-04 -1.410831172484057561e+01
9.999860130330481267e-01 5.293777563273991196e-03 1.065264109722967317e-06 3.787654308995343388e+00
1.445068893850474194e-07 -2.285266244939599897e-04 9.999999477755631139e-01 -1.421773073512387242e+00
0.000000000000000000e+00 0.000000000000000000e+00 0.000000000000000000e+00 1.000000000000000000e+00
5.293777848615658158e-03 -9.999859912501526393e-01 -1.475810823416194258e-04 -1.434256007879253048e+01
9.999860130305541217e-01 5.293777649487775572e-03 1.065264184730823291e-06 3.787654408773795112e+00
-2.839878171129323216e-07 -1.475846577572520956e-04 9.999999782186888009e-01 -1.420639924338331639e+00
0.000000000000000000e+00 0.000000000000000000e+00 0.000000000000000000e+00 1.000000000000000000e+00
5.293777649982842233e-03 -9.999860032888165939e-01 9.870528262873145121e-05 -1.459358339609647714e+01
9.999860130291652327e-01 5.293777911844137034e-03 1.065264004722344897e-06 3.787654415207746705e+00
-1.587773015775085454e-06 9.869826365123765153e-05 9.999999902561321763e-01 -1.417000753954932302e+00
0.000000000000000000e+00 0.000000000000000000e+00 0.000000000000000000e+00 1.000000000000000000e+00
5.293539370901005972e-03 -9.999859664885195620e-01 2.210139986326009219e-04 -1.486588506285056610e+01
9.999860153318260725e-01 5.293539634678439895e-03 1.065264123888102159e-06 3.787650946326618584e+00
-2.235195657365318136e-06 2.210052676543444641e-04 9.999999511516753925e-01 -1.415114640912341626e+00
0.000000000000000000e+00 0.000000000000000000e+00 0.000000000000000000e+00 1.000000000000000000e+00
5.293777805427029269e-03 -9.999860130294422333e-01 1.192092682462767892e-06 -1.512787417698908143e+01
9.999860130297151262e-01 5.293777807968296813e-03 1.065264142649534445e-06 3.787654703559357738e+00
-1.071559974897787909e-06 1.186436836070600605e-06 9.999999999974440446e-01 -1.418456324109133249e+00
0.000000000000000000e+00 0.000000000000000000e+00 0.000000000000000000e+00 1.000000000000000000e+00
5.294016235157619418e-03 -9.999859786650552307e-01 -1.790523284219341178e-04 -1.536857093097066240e+01
9.999860107252296348e-01 5.294016023405650161e-03 1.065264145446962821e-06 3.787658743507706927e+00
-1.173433119468747561e-07 -1.790554673262956210e-04 9.999999679391270435e-01 -1.421286694824479113e+00
0.000000000000000000e+00 0.000000000000000000e+00 0.000000000000000000e+00 1.000000000000000000e+00
5.294016235157619418e-03 -9.999859786650552307e-01 -1.790523284219341178e-04 -1.560011000902676415e+01
9.999860107252296348e-01 5.294016023405650161e-03 1.065264145446962821e-06 3.787659108931139773e+00
-1.173433119468747561e-07 -1.790554673262956210e-04 9.999999679391270435e-01 -1.421328629275372624e+00
0.000000000000000000e+00 0.000000000000000000e+00 0.000000000000000000e+00 1.000000000000000000e+00
5.293777763892197272e-03 -9.999860118523618002e-01 3.433227154181019879e-05 -1.584164261303362764e+01
9.999860130295282756e-01 5.293777843270847626e-03 1.065264167564906098e-06 3.787655193672138321e+00
-1.246996717375237857e-06 3.432615223573882930e-05 9.999999988201604406e-01 -1.417919272686849919e+00
0.000000000000000000e+00 0.000000000000000000e+00 0.000000000000000000e+00 1.000000000000000000e+00
5.293539419262022552e-03 -9.999859898500202959e-01 2.917051225215136728e-04 -1.611384612257714366e+01
9.999860153325118572e-01 5.293539505148145419e-03 1.065264303590284757e-06 3.787651588291155225e+00
-2.609401803384507889e-06 2.916953939635702812e-04 9.999999745116359140e-01 -1.413676199445552673e+00
0.000000000000000000e+00 0.000000000000000000e+00 0.000000000000000000e+00 1.000000000000000000e+00
5.293539058000876554e-03 -9.999859855828188149e-01 1.724958380641357695e-04 -1.639163373846008653e+01
9.999860153341373348e-01 5.293539583005284557e-03 1.065264100366957537e-06 3.787651828022876810e+00
-1.978362779905966705e-06 1.724877855330777165e-04 9.999999702440502958e-01 -1.415589410394974212e+00
0.000000000000000000e+00 0.000000000000000000e+00 0.000000000000000000e+00 1.000000000000000000e+00
5.293777857520494227e-03 -9.999859977779199660e-01 -1.235008234829828601e-04 -1.664680036196679680e+01
9.999860130304182304e-01 5.293777675139253909e-03 1.065264206393053101e-06 3.787655892120120882e+00
-4.114633732458001863e-07 -1.235047339604872512e-04 9.999999847464118297e-01 -1.420572213171176212e+00
0.000000000000000000e+00 0.000000000000000000e+00 0.000000000000000000e+00 1.000000000000000000e+00
5.294015997244163121e-03 -9.999860071243875659e-01 -2.514123683472768451e-04 -1.687940849985480440e+01
9.999860107287597000e-01 5.294015741529357888e-03 1.065264257249369075e-06 3.787660089667486574e+00
2.657317869936631431e-07 -2.514144990877682805e-04 9.999999963953323245e-01 -1.422803011733853040e+00
0.000000000000000000e+00 0.000000000000000000e+00 0.000000000000000000e+00 1.000000000000000000e+00
5.293777852733595052e-03 -9.999860090837909832e-01 -6.282329653142482661e-05 -1.711722804781069840e+01
9.999860130300761707e-01 5.293777739775949211e-03 1.065264209652366849e-06 3.787656230936917279e+00
-7.326767297404136939e-07 -6.282805590970819403e-05 9.999999960520986608e-01 -1.419571176289875281e+00
0.000000000000000000e+00 0.000000000000000000e+00 0.000000000000000000e+00 1.000000000000000000e+00
5.293539289755481644e-03 -9.999859557895471873e-01 2.440213902893962879e-04 -1.738443520156377531e+01
9.999860153316963984e-01 5.293539659187043375e-03 1.065264106510994241e-06 3.787652092645490853e+00
-2.356986177613476093e-06 2.440123350523287033e-04 9.999999404524235747e-01 -1.414150406127095527e+00
0.000000000000000000e+00 0.000000000000000000e+00 0.000000000000000000e+00 1.000000000000000000e+00
5.293538936455144742e-03 -9.999859705145370814e-01 2.117156734351236262e-04 -1.766452842303436910e+01
9.999860153339161783e-01 5.293539624784212964e-03 1.065264215840582674e-06 3.787652222805123703e+00
-2.185974518114635331e-06 2.117070744099099804e-04 9.999999551753366855e-01 -1.414663928324538356e+00
0.000000000000000000e+00 0.000000000000000000e+00 0.000000000000000000e+00 1.000000000000000000e+00
5.293777858144803859e-03 -9.999860065556737121e-01 -8.046626579693343865e-05 -1.792499575610176521e+01
9.999860130301755357e-01 5.293777720981790273e-03 1.065264211678468176e-06 3.787656753301861912e+00
-6.392787782865265285e-07 -8.047077644253695396e-05 9.999999935240455606e-01 -1.419944133503371120e+00
0.000000000000000000e+00 0.000000000000000000e+00 0.000000000000000000e+00 1.000000000000000000e+00
5.294015705843532933e-03 -9.999859552960626008e-01 -2.354383177482715468e-04 -1.816223365838581572e+01
9.999860107275853061e-01 5.294015963351298912e-03 1.065264149483661597e-06 3.787661188355640807e+00
1.811649308763978909e-07 -2.354406651748870770e-04 9.999999445676603926e-01 -1.422830075754642820e+00
0.000000000000000000e+00 0.000000000000000000e+00 0.000000000000000000e+00 1.000000000000000000e+00
5.294016257598987626e-03 -9.999859898843158623e-01 -1.443624442441722487e-04 -1.839677124627220905e+01
9.999860107250341246e-01 5.294016060359024549e-03 1.065264169330859890e-06 3.787661473623130881e+00
-3.009921427195613561e-07 -1.443660666371616020e-04 9.999999791583491504e-01 -1.421179036717360900e+00
0.000000000000000000e+00 0.000000000000000000e+00 0.000000000000000000e+00 1.000000000000000000e+00
5.293777632790143579e-03 -9.999860016483695935e-01 1.066923013874587870e-04 -1.864896193075705355e+01
9.999860130291201576e-01 5.293777920352329448e-03 1.065264231744464821e-06 3.787656690246631985e+00
-1.630054648296471578e-06 1.066851740834602927e-04 9.999999886156173412e-01 -1.416449132803413224e+00
0.000000000000000000e+00 0.000000000000000000e+00 0.000000000000000000e+00 1.000000000000000000e+00
5.293538930525373311e-03 -9.999859697542055059e-01 2.135038151436094368e-04 -1.892125681520730041e+01
9.999860153339060753e-01 5.293539626689027812e-03 1.065264214610885017e-06 3.787652321490416085e+00
-2.195440102085958780e-06 2.134951885041610532e-04 9.999999544149845709e-01 -1.414363310114409522e+00
0.000000000000000000e+00 0.000000000000000000e+00 0.000000000000000000e+00 1.000000000000000000e+00
5.293777819430803104e-03 -9.999860128680869709e-01 -1.275539309140788312e-05 -1.918209250302385271e+01
9.999860130297937300e-01 5.293777793110748461e-03 1.065264171297617666e-06 3.787657281641537921e+00
-9.977250836624596296e-07 -1.276085393304128751e-05 9.999999998361650544e-01 -1.418723801442900223e+00
0.000000000000000000e+00 0.000000000000000000e+00 0.000000000000000000e+00 1.000000000000000000e+00
5.294016233452694155e-03 -9.999859779352263667e-01 -1.810788910426656126e-04 -1.942190574391480595e+01
9.999860107252410701e-01 5.294016021246853582e-03 1.065264187743480833e-06 3.787662281670030051e+00
-1.066146817131342301e-07 -1.810819967014526096e-04 9.999999672092996228e-01 -1.422052528777325131e+00
0.000000000000000000e+00 0.000000000000000000e+00 0.000000000000000000e+00 1.000000000000000000e+00
5.294016254142826054e-03 -9.999859878402173052e-01 -1.512765761758451735e-04 -1.965551673182847026e+01
9.999860107250730934e-01 5.294016052993750360e-03 1.065264119343396643e-06 3.787662707691360708e+00
-2.643885800599969164e-07 -1.512801082539904089e-04 9.999999771142608074e-01 -1.421499037456992465e+00
0.000000000000000000e+00 0.000000000000000000e+00 0.000000000000000000e+00 1.000000000000000000e+00
5.293777692602909431e-03 -9.999860070457516903e-01 7.736681925384358849e-05 -1.990260982057378669e+01
9.999860130292855809e-01 5.293777889113369245e-03 1.065264149296474727e-06 3.787658223994640139e+00
-1.474812055145567958e-06 7.736009978003365972e-05 9.999999940132402454e-01 -1.416909045490321706e+00
0.000000000000000000e+00 0.000000000000000000e+00 0.000000000000000000e+00 1.000000000000000000e+00
5.293539528704658929e-03 -9.999860050308958526e-01 2.644061982615561685e-04 -2.017634658471479270e+01
9.999860153326657342e-01 5.293539476067984396e-03 1.065264328425652030e-06 3.787653521868723061e+00
-2.464893989590036384e-06 2.643968515047338233e-04 9.999999896928778442e-01 -1.413051238240699892e+00
0.000000000000000000e+00 0.000000000000000000e+00 0.000000000000000000e+00 1.000000000000000000e+00
5.293777697729712926e-03 -9.999860074624635775e-01 7.462500843449405429e-05 -2.044571722613767406e+01
9.999860130293010130e-01 5.293777886192660431e-03 1.065264228668957858e-06 3.787658599841724261e+00
-1.460297503539347979e-06 7.461832451753901705e-05 9.999999944299733379e-01 -1.416924039018032211e+00
0.000000000000000000e+00 0.000000000000000000e+00 0.000000000000000000e+00 1.000000000000000000e+00
5.294016251743043425e-03 -9.999859865233818867e-01 -1.555680932718284646e-04 -2.069354545225178299e+01
9.999860107250971852e-01 5.294016048422212767e-03 1.065264119374208314e-06 3.787663714970965323e+00
-2.416692044764685701e-07 -1.555715677875786911e-04 9.999999757974312731e-01 -1.421746304174597242e+00
0.000000000000000000e+00 0.000000000000000000e+00 0.000000000000000000e+00 1.000000000000000000e+00
5.294016201959119913e-03 -9.999859657497017773e-01 -2.120732945684516491e-04 -2.092581266354488889e+01
9.999860107254159303e-01 5.294015988230088912e-03 1.065264119081165407e-06 3.787663922859192844e+00
5.747024926338455191e-08 -2.120759747946972913e-04 9.999999550237792523e-01 -1.422983928329494052e+00
0.000000000000000000e+00 0.000000000000000000e+00 0.000000000000000000e+00 1.000000000000000000e+00
5.293777798814346645e-03 -9.999860129797385477e-01 7.152556946879136579e-06 -2.116747609274798947e+01
9.999860130296814864e-01 5.293777814317677036e-03 1.065264237009251891e-06 3.787658915753799427e+00
-1.103113347606188129e-06 7.146817603350489027e-06 9.999999999477060530e-01 -1.418321049017028379e+00
0.000000000000000000e+00 0.000000000000000000e+00 0.000000000000000000e+00 1.000000000000000000e+00
5.293539491840745098e-03 -9.999859999622204842e-01 2.738237342742526987e-04 -2.143952501615859774e+01
9.999860153326126655e-01 5.293539486099969188e-03 1.065264187543650937e-06 3.787653902747075918e+00
-2.514746070294824085e-06 2.738142527545365298e-04 9.999999846240785750e-01 -1.412512239136805015e+00
0.000000000000000000e+00 0.000000000000000000e+00 0.000000000000000000e+00 1.000000000000000000e+00
5.293777494194051511e-03 -9.999859866703845190e-01 1.623630396320055805e-04 -2.171716994031169179e+01
9.999860130288061866e-01 5.293777979655505533e-03 1.065264027182072744e-06 3.787659245132880770e+00
-1.924762982381794121e-06 1.623551232979177604e-04 9.999999736371087966e-01 -1.414894171241414700e+00
0.000000000000000000e+00 0.000000000000000000e+00 0.000000000000000000e+00 1.000000000000000000e+00
5.294016263471130676e-03 -9.999859940878720321e-01 -1.289844447014988345e-04 -2.197222105250276059e+01
9.999860107249473051e-01 5.294016076740431197e-03 1.065264134291272090e-06 3.787664700115717320e+00
-3.824035152471410018e-07 -1.289882842748575251e-04 9.999999833618773426e-01 -1.421352301844114097e+00
0.000000000000000000e+00 0.000000000000000000e+00 0.000000000000000000e+00 1.000000000000000000e+00
5.294015993020206000e-03 -9.999860057988040341e-01 -2.540349685913188458e-04 -2.220471216089327982e+01
9.999860107287744659e-01 5.294015738735643843e-03 1.065264199215766644e-06 3.787664873570806279e+00
2.796158962380147234e-07 -2.540370665796783827e-04 9.999999950697449069e-01 -1.424201046846509833e+00
0.000000000000000000e+00 0.000000000000000000e+00 0.000000000000000000e+00 1.000000000000000000e+00
5.341699162730050021e-03 -9.999857222617364316e-01 -6.234645652703358623e-05 -2.244235413719005123e+01
9.999857261373442663e-01 5.341698718517856083e-03 3.728425038280824603e-06 3.788673757984563739e+00
-3.395335855475723416e-06 -6.236548439221857305e-05 9.999999960990180181e-01 -1.419905107843635550e+00
0.000000000000000000e+00 0.000000000000000000e+00 0.000000000000000000e+00 1.000000000000000000e+00
5.336215597637070096e-03 -9.999857786784754898e-01 2.461671841315029490e-04 -2.270981406130820801e+01
9.999857796718892855e-01 5.336215364532405185e-03 -7.334310634689743116e-08 3.788547169107369328e+00
-1.240259097608135110e-06 2.461640881472354383e-04 9.999999990063570543e-01 -1.412797464069024400e+00
0.000000000000000000e+00 0.000000000000000000e+00 0.000000000000000000e+00 1.000000000000000000e+00
5.332400132030428418e-03 -9.999857118351883623e-01 2.131461984944838927e-04 -2.299017789328678418e+01
9.999857572643513492e-01 5.332400601340710894e-03 5.326323346669483115e-07 3.788465484106617875e+00
-1.669205618270914266e-06 2.131403240396796466e-04 9.999999545684120639e-01 -1.413501022929732454e+00
0.000000000000000000e+00 0.000000000000000000e+00 0.000000000000000000e+00 1.000000000000000000e+00
5.332639527112153534e-03 -9.999858081635198959e-01 -7.987022290410419759e-05 -2.325090507006427742e+01
9.999858145424544986e-01 5.332639390960972926e-03 1.065264298954910717e-06 3.788472031780054206e+00
-6.393300892947321550e-07 -7.987477116430793597e-05 9.999999936196126704e-01 -1.420358593523988855e+00
0.000000000000000000e+00 0.000000000000000000e+00 0.000000000000000000e+00 1.000000000000000000e+00
5.332638964047156996e-03 -9.999857586075177052e-01 -2.365111980659404792e-04 -2.348833966022763775e+01
9.999858145454001424e-01 5.332639224110266064e-03 1.065264219722156047e-06 3.788472230088514969e+00
1.959797225979191638e-07 -2.365135283380477810e-04 9.999999440613140944e-01 -1.424109484806963533e+00
0.000000000000000000e+00 0.000000000000000000e+00 0.000000000000000000e+00 1.000000000000000000e+00
5.332639516312299467e-03 -9.999857923026068685e-01 -1.491308031433914228e-04 -2.372261281008348988e+01
9.999858145428479617e-01 5.332639317181199837e-03 1.065264261688102934e-06 3.788472198893916509e+00
-2.699883700510797006e-07 -1.491343685411034091e-04 9.999999777588681749e-01 -1.422062914352204555e+00
0.000000000000000000e+00 0.000000000000000000e+00 0.000000000000000000e+00 1.000000000000000000e+00
5.332400326913198062e-03 -9.999857471670265952e-01 1.004934267202196944e-04 -2.397402199439551396e+01
9.999857572635347802e-01 5.332400594859764906e-03 1.065264367193021031e-06 3.788466722727768854e+00
-1.601120421504859878e-06 1.004863110826980396e-04 9.999999898999366588e-01 -1.416031748650704802e+00
0.000000000000000000e+00 0.000000000000000000e+00 0.000000000000000000e+00 1.000000000000000000e+00
5.386521214828697383e-03 -9.999854766687599206e-01 2.194642769230584840e-04 -2.424622112818821051e+01
9.999855248107725192e-01 5.386522179359433046e-03 3.728424321397364948e-06 3.789710285106792753e+00
-4.910519715501308277e-06 2.194410169164880825e-04 9.999999518215277883e-01 -1.413090078586490161e+00
0.000000000000000000e+00 0.000000000000000000e+00 0.000000000000000000e+00 1.000000000000000000e+00
5.384851924824853378e-03 -9.999854816717709260e-01 -2.145766970316117034e-06 -2.450804643105192326e+01
9.999854816763753540e-01 5.384851924849646913e-03 2.530608737284580374e-16 3.789661886833186610e+00
1.155463703284518649e-08 -2.145735831593393709e-06 9.999999999953956831e-01 -1.418524103735569586e+00
0.000000000000000000e+00 0.000000000000000000e+00 0.000000000000000000e+00 1.000000000000000000e+00
5.381514148220895195e-03 -9.999854821472157207e-01 -1.800060176733334159e-04 -2.474865344411065848e+01
9.999855145496628905e-01 5.381514130840888907e-03 5.326321150342676921e-07 3.789584454575540384e+00
4.360805406286993770e-07 -1.800062802881558822e-04 9.999999675975480562e-01 -1.422988283482137462e+00
0.000000000000000000e+00 0.000000000000000000e+00 0.000000000000000000e+00 1.000000000000000000e+00
5.428005398377199787e-03 -9.999852617840214730e-01 -1.769065712305201914e-04 -2.498031172986344473e+01
9.999852930749933977e-01 5.428004903160309723e-03 3.195793299311177784e-06 3.790687679163168511e+00
-2.235496573568150932e-06 -1.769213106364192251e-04 9.999999686938519927e-01 -1.422961461697969332e+00
0.000000000000000000e+00 0.000000000000000000e+00 0.000000000000000000e+00 1.000000000000000000e+00
5.422998793026320881e-03 -9.999852813447994704e-01 4.315375878905370314e-05 -2.522284792436474277e+01
9.999852832070550424e-01 5.422998794742712667e-03 -9.712529298585584210e-08 3.790559492027850919e+00
-1.368989117382832692e-07 4.315365072449543830e-05 9.999999981377436509e-01 -1.417367427525237034e+00
0.000000000000000000e+00 0.000000000000000000e+00 0.000000000000000000e+00 1.000000000000000000e+00
5.473780558979072369e-03 -9.999849876986631747e-01 2.945661243885475426e-04 -2.549593329221943350e+01
9.999850148373053971e-01 5.473781778678007102e-03 3.728425631678235873e-06 3.791789798325985394e+00
-5.340760104390681964e-06 2.945413122301261915e-04 9.999999728215401840e-01 -1.410875601011155833e+00
0.000000000000000000e+00 0.000000000000000000e+00 0.000000000000000000e+00 1.000000000000000000e+00
5.471635098663206812e-03 -9.999850102089511417e-01 1.617669859385848256e-04 -2.577332891308083163e+01
9.999850363773817863e-01 5.471635188735899172e-03 -1.641644144883145799e-07 3.791727715623379957e+00
-7.209680137450805364e-07 1.617654647627516610e-04 9.999999738314144793e-01 -1.414246544144418749e+00
0.000000000000000000e+00 0.000000000000000000e+00 0.000000000000000000e+00 1.000000000000000000e+00
5.469251589790543287e-03 -9.999850428231500388e-01 -1.320838838249977149e-04 -2.602786809986179151e+01
9.999850602695267154e-01 5.469251544504223454e-03 5.326322338786204199e-07 3.791671309901660347e+00
1.897757047076483055e-07 -1.320848157679825477e-04 9.999999825535647036e-01 -1.421954788688099880e+00
0.000000000000000000e+00 0.000000000000000000e+00 0.000000000000000000e+00 1.000000000000000000e+00
5.469251389992331458e-03 -9.999850544922260775e-01 -2.557039259953121954e-04 -2.625985791131557789e+01
9.999850602729632998e-01 5.469251148113740517e-03 1.065264475147798546e-06 3.791672250847912817e+00
3.332605145275358975e-07 -2.557059167973483303e-04 9.999999942190191948e-01 -1.425275502699731689e+00
0.000000000000000000e+00 0.000000000000000000e+00 0.000000000000000000e+00 1.000000000000000000e+00
5.469013250970834392e-03 -9.999850594653645341e-01 -5.650520082178562832e-05 -2.649773855642357034e+01
9.999850626576780588e-01 5.469013148042165331e-03 1.065264190253911152e-06 3.791666153953915153e+00
-7.562206027791926405e-07 -5.651018133511782605e-05 9.999999968060275801e-01 -1.419990934123225967e+00
0.000000000000000000e+00 0.000000000000000000e+00 0.000000000000000000e+00 1.000000000000000000e+00
5.468298145895457082e-03 -9.999850634958548090e-01 2.567767670470334838e-04 -2.676611748780891276e+01
9.999850698212887634e-01 5.468298067477478375e-03 1.065264627047731683e-06 3.791646716840847198e+00
-2.469380436209133064e-06 2.567671353634501342e-04 9.999999936691978952e-01 -1.411515698158333443e+00
0.000000000000000000e+00 0.000000000000000000e+00 0.000000000000000000e+00 1.000000000000000000e+00
5.468297956455353721e-03 -9.999850216075162335e-01 2.195834952560592277e-04 -2.704753777144111382e+01
9.999850698204422184e-01 5.468298222274374162e-03 1.065264111627985497e-06 3.791647049102621736e+00
-2.265996282646474022e-06 2.195743826104924377e-04 9.999999517819534445e-01 -1.412461736345583807e+00
0.000000000000000000e+00 0.000000000000000000e+00 0.000000000000000000e+00 1.000000000000000000e+00
5.469013257787367840e-03 -9.999850567643724375e-01 -7.677077531083817961e-05 -2.730918054944463336e+01
9.999850626577960755e-01 5.469013126454290614e-03 1.065264241563033365e-06 3.791666541367505694e+00
-6.453879008395150432e-07 -7.677545393485762123e-05 9.999999941051131991e-01 -1.420597373635405614e+00
0.000000000000000000e+00 0.000000000000000000e+00 0.000000000000000000e+00 1.000000000000000000e+00
5.422998628740733143e-03 -9.999852260791418646e-01 -2.390146084276685838e-04 -2.754742132840743807e+01
9.999852832013148562e-01 5.422999124950486985e-03 -1.364112127322825052e-06 3.790457598923136384e+00
2.660268168298825504e-06 -2.390036822344499792e-04 9.999999428701554782e-01 -1.425130450985500286e+00
0.000000000000000000e+00 0.000000000000000000e+00 0.000000000000000000e+00 1.000000000000000000e+00
5.426097953693048530e-03 -9.999852831355412475e-01 -1.699924273914930949e-04 -2.778054408357390059e+01
9.999853120315066457e-01 5.426097851792903090e-03 2.130528742843239560e-06 3.790547847781508661e+00
-1.208101973114760453e-06 -1.700014910499592947e-04 9.999999710980347345e-01 -1.423258340095620245e+00
0.000000000000000000e+00 0.000000000000000000e+00 0.000000000000000000e+00 1.000000000000000000e+00
5.428243702139140363e-03 -9.999852836080882490e-01 8.428095719974677835e-05 -2.802944231298532429e+01
9.999852907072483976e-01 5.428244010024192018e-03 1.597896765880725376e-06 3.790603213368019198e+00
-2.055370787282112645e-06 8.427104635161791746e-05 9.999999928941667449e-01 -1.416086136785753791e+00
0.000000000000000000e+00 0.000000000000000000e+00 0.000000000000000000e+00 1.000000000000000000e+00
5.428244033135463595e-03 -9.999852843814039938e-01 2.567767948774896851e-04 -2.830395889732403703e+01
9.999852907068811358e-01 5.428243952076691053e-03 1.065264309386978448e-06 3.790602735121419986e+00
-2.459095704773786591e-06 2.567672347499514417e-04 9.999999936691907898e-01 -1.411120815056489342e+00
0.000000000000000000e+00 0.000000000000000000e+00 0.000000000000000000e+00 1.000000000000000000e+00
5.428243802798865709e-03 -9.999852878459624117e-01 5.352496621270607378e-05 -2.857209080188776795e+01
9.999852907090883702e-01 5.428243932378993587e-03 1.065264241718027265e-06 3.790603240886838865e+00
-1.355795217233196553e-06 5.351839738820780786e-05 9.999999971339430527e-01 -1.416927397877419947e+00
0.000000000000000000e+00 0.000000000000000000e+00 0.000000000000000000e+00 1.000000000000000000e+00
5.428959124803301069e-03 -9.999852568505064321e-01 -1.635551163391804109e-04 -2.881865384406827957e+01
9.999852836011480228e-01 5.428958921569550060e-03 1.065264283040597783e-06 3.790623479695753417e+00
-1.773146316375764246e-07 -1.635585026708331619e-04 9.999999732485866932e-01 -1.423243112908891828e+00
0.000000000000000000e+00 0.000000000000000000e+00 0.000000000000000000e+00 1.000000000000000000e+00
5.428959085980182737e-03 -9.999852415593871724e-01 -2.050399456820352437e-04 -2.905134685341568002e+01
9.999852836013880530e-01 5.428958877377892782e-03 1.065264264474695429e-06 3.790623726015569517e+00
4.790482177515251738e-08 -2.050427206820762242e-04 9.999999579574823105e-01 -1.424500428006654662e+00
0.000000000000000000e+00 0.000000000000000000e+00 0.000000000000000000e+00 1.000000000000000000e+00
5.428959081044321990e-03 -9.999852834325756445e-01 1.299381120938574421e-05 -2.929351163181924278e+01
9.999852836001270617e-01 5.428959109638067417e-03 1.065264520842258682e-06 3.790623556925285964e+00
-1.135791736370651326e-06 1.298783714959861465e-05 9.999999998300259652e-01 -1.418089912032628686e+00
0.000000000000000000e+00 0.000000000000000000e+00 0.000000000000000000e+00 1.000000000000000000e+00
5.428243962986152756e-03 -9.999852749443152167e-01 2.745389837927447035e-04 -2.956590615056980198e+01
9.999852907067784402e-01 5.428243970997866444e-03 1.065264424933247036e-06 3.790602441145240142e+00
-2.555513275037111809e-06 2.745291559786977044e-04 9.999999842318605392e-01 -1.410265660718794223e+00
0.000000000000000000e+00 0.000000000000000000e+00 0.000000000000000000e+00 1.000000000000000000e+00
5.428243573996471144e-03 -9.999852660257877446e-01 1.571178432283817526e-04 -2.984322324866165843e+01
9.999852907084894049e-01 5.428244042731148952e-03 1.065264184560461883e-06 3.790602109083378135e+00
-1.918122569843088237e-06 1.571097461430064600e-04 9.999999753128484548e-01 -1.413733006107801726e+00
0.000000000000000000e+00 0.000000000000000000e+00 0.000000000000000000e+00 1.000000000000000000e+00
5.428959141388281853e-03 -9.999852658701012809e-01 -1.331567743798297068e-04 -3.009779349099089529e+01
9.999852836009723855e-01 5.428958953951345222e-03 1.065264349907124586e-06 3.790623839958840779e+00
-3.423460522955819578e-07 -1.331605977558353413e-04 9.999999822681383543e-01 -1.422527385791412691e+00
0.000000000000000000e+00 0.000000000000000000e+00 0.000000000000000000e+00 1.000000000000000000e+00
5.429674090769199234e-03 -9.999852704698094508e-01 -2.561807644151487505e-04 -3.032978898228215314e+01
9.999852764946345340e-01 5.429673846612311817e-03 1.065264184195491268e-06 3.790645765771175402e+00
3.257295561749140207e-07 -2.561827891291952380e-04 9.999999939749257827e-01 -1.426331138994298975e+00
0.000000000000000000e+00 0.000000000000000000e+00 0.000000000000000000e+00 1.000000000000000000e+00
5.428959139139287460e-03 -9.999852802858171241e-01 -5.757808426034312485e-05 -3.056767063027614029e+01
9.999852836005351797e-01 5.428959034461444677e-03 1.065264400202657739e-06 3.790624265726632913e+00
-7.526596898384512342e-07 -5.758301895905969866e-05 9.999999966836294885e-01 -1.420254177728279998e+00
0.000000000000000000e+00 0.000000000000000000e+00 0.000000000000000000e+00 1.000000000000000000e+00
5.428244038178350710e-03 -9.999852850530720483e-01 2.554655376371206088e-04 -3.083594238451931346e+01
9.999852907068886854e-01 5.428243950679868292e-03 1.065264342113519169e-06 3.790602386648674216e+00
-2.451977795358831121e-06 2.554559810583505782e-04 9.999999943408763858e-01 -1.410511571629800454e+00
0.000000000000000000e+00 0.000000000000000000e+00 0.000000000000000000e+00 1.000000000000000000e+00
5.428243847837549430e-03 -9.999852428066692278e-01 2.188682377092640758e-04 -3.111723358356738345e+01
9.999852907060319263e-01 5.428244108499206619e-03 1.065263913117886927e-06 3.790602065808081012e+00
-2.253318714160801585e-06 2.188592286682519087e-04 9.999999520955590304e-01 -1.411590592393487498e+00
0.000000000000000000e+00 0.000000000000000000e+00 0.000000000000000000e+00 1.000000000000000000e+00
5.428959145694857782e-03 -9.999852776337837534e-01 -7.724761715708411880e-05 -3.137876998772043180e+01
9.999852836006488666e-01 5.428959013508499569e-03 1.065264364446494677e-06 3.790624694529266314e+00
-6.458745798555243860e-07 -7.725226563807769482e-05 9.999999940316706137e-01 -1.420924760854145763e+00
0.000000000000000000e+00 0.000000000000000000e+00 0.000000000000000000e+00 1.000000000000000000e+00
5.429673794996568888e-03 -9.999852193651239673e-01 -2.390145989978835874e-04 -3.161675872001615062e+01
9.999852764934670235e-01 5.429674061617929294e-03 1.065264126211794960e-06 3.790647421043323195e+00
2.325228539722108310e-07 -2.390168622471036761e-04 9.999999428708837845e-01 -1.426111813892978475e+00
0.000000000000000000e+00 0.000000000000000000e+00 0.000000000000000000e+00 1.000000000000000000e+00
5.382705882675336249e-03 -9.999854746407428330e-01 -1.678466555686398249e-04 -3.185018651107900212e+01
9.999855028085500308e-01 5.382706489273742304e-03 -1.355316083144989562e-06 3.789210409323336748e+00
2.258765855189476818e-06 -1.678369318327830922e-04 9.999999718256616932e-01 -1.423867878718917401e+00
0.000000000000000000e+00 0.000000000000000000e+00 0.000000000000000000e+00 1.000000000000000000e+00
5.437541755383984259e-03 -9.999851908849614057e-01 8.559226015878949325e-05 -3.209912060032876013e+01
9.999851981838741022e-01 5.437542150026780131e-03 4.793688992956325009e-06 3.790908473236947351e+00
-5.259029277940203363e-06 8.556492919130919176e-05 9.999999926509852699e-01 -1.415712687349758525e+00
0.000000000000000000e+00 0.000000000000000000e+00 0.000000000000000000e+00 1.000000000000000000e+00
5.436111143899121333e-03 -9.999852085517817457e-01 2.520084506104223110e-04 -3.237332917056755832e+01
9.999852124531651842e-01 5.436111237225884317e-03 5.326321970989805656e-07 3.790852658956638699e+00
-1.902570159208652237e-06 2.520018301140319991e-04 9.999999960961047929e-01 -1.410229912392505724e+00
0.000000000000000000e+00 0.000000000000000000e+00 0.000000000000000000e+00 1.000000000000000000e+00
5.432773542708331516e-03 -9.999852434737998008e-01 4.684924831508735570e-05 -3.264063220145068556e+01
9.999852456669421352e-01 5.432773654438467943e-03 1.065264028379425601e-06 3.790749471234277301e+00
-1.319769719900208833e-06 4.684276848466976278e-05 9.999999978040132742e-01 -1.416929913400678753e+00
0.000000000000000000e+00 0.000000000000000000e+00 0.000000000000000000e+00 1.000000000000000000e+00
5.432773633096489412e-03 -9.999852187613091914e-01 -1.640319688087193940e-04 -3.288657346720756891e+01
9.999852456681626034e-01 5.432773429797611679e-03 1.065264018793922196e-06 3.790749752244005233e+00
-1.740998194305753906e-07 -1.640353306127158176e-04 9.999999730923786467e-01 -1.423924362126614440e+00
0.000000000000000000e+00 0.000000000000000000e+00 0.000000000000000000e+00 1.000000000000000000e+00
5.387236559015299436e-03 -9.999854781031531914e-01 -1.991987045306143624e-04 -3.311962413577845155e+01
9.999855177782586146e-01 5.387236857347585395e-03 -1.381147038826692885e-06 3.789299986519669705e+00
2.454257619771691114e-06 -1.991883749780098696e-04 9.999999603179676733e-01 -1.425129709891375551e+00
0.000000000000000000e+00 0.000000000000000000e+00 0.000000000000000000e+00 1.000000000000000000e+00
5.391527869455499909e-03 -9.999854751624511762e-01 1.740455602817977886e-05 -3.336205228156929081e+01
9.999854754604262652e-01 5.391527945224943580e-03 2.130528269510628440e-06 3.789445781513497646e+00
-2.224334606077121495e-06 1.739281667265049427e-05 9.999999996925423851e-01 -1.417892261263962173e+00
0.000000000000000000e+00 0.000000000000000000e+00 0.000000000000000000e+00 1.000000000000000000e+00
5.394150320255536833e-03 -9.999854330327750951e-01 2.759694800182284401e-04 -3.363466584215926503e+01
9.999854495797457776e-01 5.394150626961780569e-03 1.597896373207621387e-06 3.789528222778650424e+00
-3.086494129816995248e-06 2.759568533225850088e-04 9.999999834429376122e-01 -1.409102053243211250e+00
0.000000000000000000e+00 0.000000000000000000e+00 0.000000000000000000e+00 1.000000000000000000e+00
5.394150090554125296e-03 -9.999854256075245695e-01 1.548528380054049779e-04 -3.391184796509638488e+01
9.999854495836647539e-01 5.394150549810064130e-03 1.065264103274078797e-06 3.789527898620419943e+00
-1.900548115420855731e-06 1.548448494934411771e-04 9.999999760194614451e-01 -1.413171515127205069e+00
0.000000000000000000e+00 0.000000000000000000e+00 0.000000000000000000e+00 1.000000000000000000e+00
5.346467394476939541e-03 -9.999857208576388157e-01 -1.353025538225088897e-04 -3.416640430839265719e+01
9.999857391603057533e-01 5.346467862603378196e-03 -1.368285782418943320e-06 3.787959935598813388e+00
2.091657018533151719e-06 -1.352932961392979598e-04 9.999999816913481832e-01 -1.423133717850790791e+00
0.000000000000000000e+00 0.000000000000000000e+00 0.000000000000000000e+00 1.000000000000000000e+00
5.348851796693332786e-03 -9.999857092781336831e-01 -2.572536474472682548e-04 -3.439820391800112986e+01
9.999857158533301815e-01 5.348850999796046779e-03 2.130528566370438259e-06 3.788047209711101537e+00
-7.544863818402442721e-07 -2.572613817232097385e-04 9.999999934206662555e-01 -1.427414564892874882e+00
0.000000000000000000e+00 0.000000000000000000e+00 0.000000000000000000e+00 1.000000000000000000e+00
5.351235893335276605e-03 -9.999856894558851739e-01 -5.543231412147425481e-05 -3.463605501575113976e+01
9.999856925269775543e-01 5.351235732616884018e-03 1.597896727404636394e-06 3.788125149903223576e+00
-1.301242437602485241e-06 -5.544007345844104216e-05 9.999999969247050924e-01 -1.420415406351518417e+00
0.000000000000000000e+00 0.000000000000000000e+00 0.000000000000000000e+00 1.000000000000000000e+00
5.350997562252847277e-03 -9.999856871790187007e-01 2.593993962305775379e-04 -3.490469347096025388e+01
9.999856948582420690e-01 5.350997488932547792e-03 1.065264592515192205e-06 3.788116441268133183e+00
-2.453294698127393665e-06 2.593899874558882766e-04 9.999999923154657688e-01 -1.409333402052533657e+00
0.000000000000000000e+00 0.000000000000000000e+00 0.000000000000000000e+00 1.000000000000000000e+00
5.350997382049413505e-03 -9.999856459086808869e-01 2.212524024568415500e-04 -3.518639422422536711e+01
9.999856948573818682e-01 5.350997649705506107e-03 1.065264229954031353e-06 3.788116241439049681e+00
-2.249170232204614371e-06 2.212435507499541424e-04 9.999999510462342922e-01 -1.410615373556949992e+00
0.000000000000000000e+00 0.000000000000000000e+00 0.000000000000000000e+00 1.000000000000000000e+00
5.351235871298431167e-03 -9.999856867261163185e-01 -7.617472725719815429e-05 -3.544831223465573089e+01
9.999856925283563402e-01 5.351235740053266257e-03 1.065264307706227277e-06 3.788124698453983807e+00
-6.576201318966324774e-07 -7.617933891770621341e-05 9.999999941962760541e-01 -1.421200611633979483e+00
0.000000000000000000e+00 0.000000000000000000e+00 0.000000000000000000e+00 1.000000000000000000e+00
5.398202955800334227e-03 -9.999853518648574857e-01 -2.402066946946151711e-04 -3.568638847402525016e+01
9.999854095581873770e-01 5.398202407360538913e-03 3.728424805289379744e-06 3.789742054567123208e+00
-2.431686160998028566e-06 -2.402233121059950676e-04 9.999999422868404153e-01 -1.427137863339842383e+00
0.000000000000000000e+00 0.000000000000000000e+00 0.000000000000000000e+00 1.000000000000000000e+00
5.394150219214592125e-03 -9.999854188779075947e-01 -1.752376296809995515e-04 -3.591921939946978171e+01
9.999854495856894676e-01 5.394150384859405095e-03 -2.505642617109526146e-14 3.789592905102744158e+00
9.452581885093381960e-07 -1.752350859261399675e-04 9.999999692917711513e-01 -1.424824088589149440e+00
0.000000000000000000e+00 0.000000000000000000e+00 0.000000000000000000e+00 1.000000000000000000e+00
1.054239213690056319e-02 -9.999444232101080132e-01 -4.684924911201858872e-05 -3.613900695545015651e+01
9.999444073802509214e-01 1.054237921362801908e-02 2.790992931012872651e-04 3.969171277666527331e+00
-2.785898706403757514e-04 -4.978901676689628255e-05 9.999999795133818203e-01 -1.421287259932843883e+00
0.000000000000000000e+00 0.000000000000000000e+00 0.000000000000000000e+00 1.000000000000000000e+00
1.461378000742978578e-02 -9.998932023475952668e-01 -1.884698777904917158e-04 -3.634935265240923741e+01
9.998932238931458327e-01 1.461375709464668611e-02 1.209074914409819028e-04 4.111066833048801605e+00
-1.181403305625745636e-04 -1.902166714458681672e-04 9.999999498604811299e-01 -1.425881798030455894e+00
0.000000000000000000e+00 0.000000000000000000e+00 0.000000000000000000e+00 1.000000000000000000e+00
1.880671404250158774e-02 -9.998219139216658613e-01 -1.579283867396867993e-03 -3.643834394516045450e+01
9.998231469374002645e-01 1.880684746430851331e-02 -7.025528966526267997e-05 4.262831393055855678e+00
9.994412617225199868e-05 -1.577683298926242129e-03 9.999987526226622458e-01 -1.476248223514780245e+00
0.000000000000000000e+00 0.000000000000000000e+00 0.000000000000000000e+00 1.000000000000000000e+00
1.880671438906908119e-02 -9.998219493840002636e-01 -1.548885610504253116e-03 -3.643835004461318761e+01
9.998231480855028774e-01 1.880683742652954071e-02 -6.462672153132824327e-05 4.262833802865447552e+00
9.374485322918386856e-05 -1.547396240997265041e-03 9.999987888682193571e-01 -1.475153984737215707e+00
0.000000000000000000e+00 0.000000000000000000e+00 0.000000000000000000e+00 1.000000000000000000e+00
1.880672754358022475e-02 -9.998226945121565512e-01 -9.374616957240906445e-04 -3.643827503714898342e+01
9.998231531962668006e-01 1.880677236505051697e-02 -3.816539632238144574e-05 4.262842825665780211e+00
5.578926033016539456e-05 -9.365781423007598023e-04 9.999995369412534307e-01 -1.452782198837663907e+00
0.000000000000000000e+00 0.000000000000000000e+00 0.000000000000000000e+00 1.000000000000000000e+00
1.880673352941151025e-02 -9.998230005907779994e-01 -5.240439685074527003e-04 -3.643820841339822891e+01
9.998231550723617467e-01 1.880674821276923786e-02 -2.163877144859491106e-05 4.262848580651414920e+00
3.149050685292028960e-05 -5.235443306136069400e-04 9.999998441189482667e-01 -1.437649428271948526e+00
0.000000000000000000e+00 0.000000000000000000e+00 0.000000000000000000e+00 1.000000000000000000e+00
1.880673643358860697e-02 -9.998231328428818232e-01 -2.876519923480264931e-04 -3.643818203241255560e+01
9.998231556959426003e-01 1.880673929082128312e-02 -1.207657094975850285e-05 4.262851977612260868e+00
1.748423033969409975e-05 -2.873740066207782699e-04 9.999999767151327434e-01 -1.428997241023070686e+00
0.000000000000000000e+00 0.000000000000000000e+00 0.000000000000000000e+00 1.000000000000000000e+00
1.880673609119870929e-02 -9.998231145530498409e-01 -2.034902269558958000e-04 -3.643817089832295153e+01
9.998231558325831880e-01 1.880673822528175845e-02 -7.911237987369039977e-06 4.262853960306335566e+00
1.173682607991737761e-05 -2.033054636695591337e-04 9.999999585291364790e-01 -1.425920075425044509e+00
0.000000000000000000e+00 0.000000000000000000e+00 0.000000000000000000e+00 1.000000000000000000e+00
1.880673587551079731e-02 -9.998231423500345549e-01 -1.167058875272273584e-04 -3.643814992274802478e+01
9.998231559322787732e-01 1.880673710303133739e-02 -4.163739141938716688e-06 4.262855307241682823e+00
6.357859512574358880e-06 -1.166069405196405094e-04 9.999999863623991736e-01 -1.422744697767262201e+00
0.000000000000000000e+00 0.000000000000000000e+00 0.000000000000000000e+00 1.000000000000000000e+00
1.880721293077924558e-02 -9.998231343838662744e-01 -6.389617120584370447e-05 -3.643814646649343558e+01
9.998231384572299207e-01 1.880721325960234627e-02 -1.973172403489190711e-06 4.262873163926018449e+00
3.174532334865831607e-06 -6.384776101327622718e-05 9.999999959133858418e-01 -1.420811865863989443e+00
0.000000000000000000e+00 0.000000000000000000e+00 0.000000000000000000e+00 1.000000000000000000e+00
1.880673657104240185e-02 -9.998231547560232357e-01 -3.468990124272722920e-05 -3.643813689070870510e+01
9.998231559578306671e-01 1.880673664133777900e-02 -6.872441769145666850e-07 4.262856143728126490e+00
1.339526535627763495e-06 -3.467084005560197644e-05 9.999999987961385450e-01 -1.419743349702421220e+00
0.000000000000000000e+00 0.000000000000000000e+00 0.000000000000000000e+00 1.000000000000000000e+00
1.880673660379140327e-02 -9.998231553847750641e-01 -2.396106620237340010e-05 -3.643813685462313856e+01
9.998231559586813200e-01 1.880673662043164801e-02 -1.219475532840121797e-07 4.262856260039201040e+00
5.725554303878264547e-07 -2.395453455986201743e-05 9.999999994258523817e-01 -1.419351244470698603e+00
0.000000000000000000e+00 0.000000000000000000e+00 0.000000000000000000e+00 1.000000000000000000e+00
1.880673662126809004e-02 -9.998231557803879399e-01 -1.335144028669850953e-05 -3.643813664090792770e+01
9.998231559586012729e-01 1.880673661039496472e-02 5.326320989601976733e-07 4.262856250102100120e+00
-2.814409008188109145e-07 -1.335909546690891293e-05 9.999999998214552654e-01 -1.418963863569033812e+00
0.000000000000000000e+00 0.000000000000000000e+00 0.000000000000000000e+00 1.000000000000000000e+00
1.880673662029342177e-02 -9.998231559108849975e-01 -6.914138438949451403e-06 -3.643813052049577550e+01
9.998231559585367689e-01 1.880673661382306627e-02 5.326321471664994980e-07 4.262855977260976204e+00
-4.025055855216298827e-07 -6.922932687390976769e-06 9.999999999519109117e-01 -1.418727154499569654e+00
0.000000000000000000e+00 0.000000000000000000e+00 0.000000000000000000e+00 1.000000000000000000e+00
1.880673662074371782e-02 -9.998231559483289344e-01 -3.218650643525769009e-06 -3.643813574248902398e+01
9.998231559576811200e-01 1.880673661406099748e-02 1.065264181134229705e-06 4.262856413645891074e+00
-1.004543500849067002e-06 -3.238115534527506907e-06 9.999999999885054169e-01 -1.418593576292712655e+00
0.000000000000000000e+00 0.000000000000000000e+00 0.000000000000000000e+00 1.000000000000000000e+00
1.880673662074371782e-02 -9.998231559483289344e-01 -3.218650643525769009e-06 -3.643813574248902398e+01
9.998231559576811200e-01 1.880673661406099748e-02 1.065264181134229705e-06 4.262856413645891074e+00
-1.004543500849067002e-06 -3.238115534527506907e-06 9.999999999885054169e-01 -1.418593576292712655e+00
0.000000000000000000e+00 0.000000000000000000e+00 0.000000000000000000e+00 1.000000000000000000e+00
1.880673662074371782e-02 -9.998231559483289344e-01 -3.218650643525769009e-06 -3.643813574248902398e+01
9.998231559576811200e-01 1.880673661406099748e-02 1.065264181134229705e-06 4.262856413645891074e+00
-1.004543500849067002e-06 -3.238115534527506907e-06 9.999999999885054169e-01 -1.418593576292712655e+00
0.000000000000000000e+00 0.000000000000000000e+00 0.000000000000000000e+00 1.000000000000000000e+00
1.880673661751044654e-02 -9.998231559587512640e-01 -4.123155505662960405e-17 -3.643813268027240326e+01
9.998231559576167271e-01 1.880673661748910597e-02 1.065264267100629067e-06 4.262856277288153528e+00
-1.065075928445417468e-06 -2.003414538315589218e-08 9.999999999988651300e-01 -1.418475340991611322e+00
0.000000000000000000e+00 0.000000000000000000e+00 0.000000000000000000e+00 1.000000000000000000e+00
1.880673661751044654e-02 -9.998231559587512640e-01 -4.123155505662960405e-17 -3.643813268027240326e+01
9.998231559576167271e-01 1.880673661748910597e-02 1.065264267100629067e-06 4.262856277288153528e+00
-1.065075928445417468e-06 -2.003414538315589218e-08 9.999999999988651300e-01 -1.418475340991611322e+00
0.000000000000000000e+00 0.000000000000000000e+00 0.000000000000000000e+00 1.000000000000000000e+00
1.880673661751044654e-02 -9.998231559587512640e-01 -4.123155505662960405e-17 -3.643813268027240326e+01
9.998231559576167271e-01 1.880673661748910597e-02 1.065264267100629067e-06 4.262856277288153528e+00
-1.065075928445417468e-06 -2.003414538315589218e-08 9.999999999988651300e-01 -1.418475340991611322e+00
0.000000000000000000e+00 0.000000000000000000e+00 0.000000000000000000e+00 1.000000000000000000e+00
1.880673661751044654e-02 -9.998231559587512640e-01 -4.123155505662960405e-17 -3.643813268027240326e+01
9.998231559576167271e-01 1.880673661748910597e-02 1.065264267100629067e-06 4.262856277288153528e+00
-1.065075928445417468e-06 -2.003414538315589218e-08 9.999999999988651300e-01 -1.418475340991611322e+00
0.000000000000000000e+00 0.000000000000000000e+00 0.000000000000000000e+00 1.000000000000000000e+00
1.880673661751044654e-02 -9.998231559587512640e-01 -4.123155505662960405e-17 -3.643813268027240326e+01
9.998231559576167271e-01 1.880673661748910597e-02 1.065264267100629067e-06 4.262856277288153528e+00
-1.065075928445417468e-06 -2.003414538315589218e-08 9.999999999988651300e-01 -1.418475340991611322e+00
0.000000000000000000e+00 0.000000000000000000e+00 0.000000000000000000e+00 1.000000000000000000e+00
1.880673661751044654e-02 -9.998231559587512640e-01 -4.123155505662960405e-17 -3.643813268027240326e+01
9.998231559576167271e-01 1.880673661748910597e-02 1.065264267100629067e-06 4.262856277288153528e+00
-1.065075928445417468e-06 -2.003414538315589218e-08 9.999999999988651300e-01 -1.418475340991611322e+00
0.000000000000000000e+00 0.000000000000000000e+00 0.000000000000000000e+00 1.000000000000000000e+00
1.880673661751044654e-02 -9.998231559587512640e-01 -4.123155505662960405e-17 -3.643813268027240326e+01
9.998231559576167271e-01 1.880673661748910597e-02 1.065264267100629067e-06 4.262856277288153528e+00
-1.065075928445417468e-06 -2.003414538315589218e-08 9.999999999988651300e-01 -1.418475340991611322e+00
0.000000000000000000e+00 0.000000000000000000e+00 0.000000000000000000e+00 1.000000000000000000e+00
1.880673661751044654e-02 -9.998231559587512640e-01 -4.123155505662960405e-17 -3.643813268027240326e+01
9.998231559576167271e-01 1.880673661748910597e-02 1.065264267100629067e-06 4.262856277288153528e+00
-1.065075928445417468e-06 -2.003414538315589218e-08 9.999999999988651300e-01 -1.418475340991611322e+00
0.000000000000000000e+00 0.000000000000000000e+00 0.000000000000000000e+00 1.000000000000000000e+00
1.880673661751044654e-02 -9.998231559587512640e-01 -4.123155505662960405e-17 -3.643813268027240326e+01
9.998231559576167271e-01 1.880673661748910597e-02 1.065264267100629067e-06 4.262856277288153528e+00
-1.065075928445417468e-06 -2.003414538315589218e-08 9.999999999988651300e-01 -1.418475340991611322e+00
0.000000000000000000e+00 0.000000000000000000e+00 0.000000000000000000e+00 1.000000000000000000e+00
1.880673661751044654e-02 -9.998231559587512640e-01 -4.123155505662960405e-17 -3.643813268027240326e+01
9.998231559576167271e-01 1.880673661748910597e-02 1.065264267100629067e-06 4.262856277288153528e+00
-1.065075928445417468e-06 -2.003414538315589218e-08 9.999999999988651300e-01 -1.418475340991611322e+00
0.000000000000000000e+00 0.000000000000000000e+00 0.000000000000000000e+00 1.000000000000000000e+00
1.880673661751044654e-02 -9.998231559587512640e-01 -4.123155505662960405e-17 -3.643813268027240326e+01
9.998231559576167271e-01 1.880673661748910597e-02 1.065264267100629067e-06 4.262856277288153528e+00
-1.065075928445417468e-06 -2.003414538315589218e-08 9.999999999988651300e-01 -1.418475340991611322e+00
0.000000000000000000e+00 0.000000000000000000e+00 0.000000000000000000e+00 1.000000000000000000e+00
1.880673661751044654e-02 -9.998231559587512640e-01 -4.123155505662960405e-17 -3.643813268027240326e+01
9.998231559576167271e-01 1.880673661748910597e-02 1.065264267100629067e-06 4.262856277288153528e+00
-1.065075928445417468e-06 -2.003414538315589218e-08 9.999999999988651300e-01 -1.418475340991611322e+00
0.000000000000000000e+00 0.000000000000000000e+00 0.000000000000000000e+00 1.000000000000000000e+00
1.880673661751044654e-02 -9.998231559587512640e-01 -4.123155505662960405e-17 -3.643813268027240326e+01
9.998231559576167271e-01 1.880673661748910597e-02 1.065264267100629067e-06 4.262856277288153528e+00
-1.065075928445417468e-06 -2.003414538315589218e-08 9.999999999988651300e-01 -1.418475340991611322e+00
0.000000000000000000e+00 0.000000000000000000e+00 0.000000000000000000e+00 1.000000000000000000e+00
1.880673661751044654e-02 -9.998231559587512640e-01 -4.123155505662960405e-17 -3.643813268027240326e+01
9.998231559576167271e-01 1.880673661748910597e-02 1.065264267100629067e-06 4.262856277288153528e+00
-1.065075928445417468e-06 -2.003414538315589218e-08 9.999999999988651300e-01 -1.418475340991611322e+00
0.000000000000000000e+00 0.000000000000000000e+00 0.000000000000000000e+00 1.000000000000000000e+00
1.880673661751044654e-02 -9.998231559587512640e-01 -4.123155505662960405e-17 -3.643813268027240326e+01
9.998231559576167271e-01 1.880673661748910597e-02 1.065264267100629067e-06 4.262856277288153528e+00
-1.065075928445417468e-06 -2.003414538315589218e-08 9.999999999988651300e-01 -1.418475340991611322e+00
0.000000000000000000e+00 0.000000000000000000e+00 0.000000000000000000e+00 1.000000000000000000e+00
1.880673661751044654e-02 -9.998231559587512640e-01 -4.123155505662960405e-17 -3.643813268027240326e+01
9.998231559576167271e-01 1.880673661748910597e-02 1.065264267100629067e-06 4.262856277288153528e+00
-1.065075928445417468e-06 -2.003414538315589218e-08 9.999999999988651300e-01 -1.418475340991611322e+00
0.000000000000000000e+00 0.000000000000000000e+00 0.000000000000000000e+00 1.000000000000000000e+00
1.880673661751044654e-02 -9.998231559587512640e-01 -4.123155505662960405e-17 -3.643813268027240326e+01
9.998231559576167271e-01 1.880673661748910597e-02 1.065264267100629067e-06 4.262856277288153528e+00
-1.065075928445417468e-06 -2.003414538315589218e-08 9.999999999988651300e-01 -1.418475340991611322e+00
0.000000000000000000e+00 0.000000000000000000e+00 0.000000000000000000e+00 1.000000000000000000e+00
1.880673661751044654e-02 -9.998231559587512640e-01 -4.123155505662960405e-17 -3.643813268027240326e+01
9.998231559576167271e-01 1.880673661748910597e-02 1.065264267100629067e-06 4.262856277288153528e+00
-1.065075928445417468e-06 -2.003414538315589218e-08 9.999999999988651300e-01 -1.418475340991611322e+00
0.000000000000000000e+00 0.000000000000000000e+00 0.000000000000000000e+00 1.000000000000000000e+00
1.880673661751044654e-02 -9.998231559587512640e-01 -4.123155505662960405e-17 -3.643813268027240326e+01
9.998231559576167271e-01 1.880673661748910597e-02 1.065264267100629067e-06 4.262856277288153528e+00
-1.065075928445417468e-06 -2.003414538315589218e-08 9.999999999988651300e-01 -1.418475340991611322e+00
0.000000000000000000e+00 0.000000000000000000e+00 0.000000000000000000e+00 1.000000000000000000e+00
1.880673661751044654e-02 -9.998231559587512640e-01 -4.123155505662960405e-17 -3.643813268027240326e+01
9.998231559576167271e-01 1.880673661748910597e-02 1.065264267100629067e-06 4.262856277288153528e+00
-1.065075928445417468e-06 -2.003414538315589218e-08 9.999999999988651300e-01 -1.418475340991611322e+00
0.000000000000000000e+00 0.000000000000000000e+00 0.000000000000000000e+00 1.000000000000000000e+00
1.880673661751044654e-02 -9.998231559587512640e-01 -4.123155505662960405e-17 -3.643813268027240326e+01
9.998231559576167271e-01 1.880673661748910597e-02 1.065264267100629067e-06 4.262856277288153528e+00
-1.065075928445417468e-06 -2.003414538315589218e-08 9.999999999988651300e-01 -1.418475340991611322e+00
0.000000000000000000e+00 0.000000000000000000e+00 0.000000000000000000e+00 1.000000000000000000e+00
1.880673661751044654e-02 -9.998231559587512640e-01 -4.123155505662960405e-17 -3.643813268027240326e+01
9.998231559576167271e-01 1.880673661748910597e-02 1.065264267100629067e-06 4.262856277288153528e+00
-1.065075928445417468e-06 -2.003414538315589218e-08 9.999999999988651300e-01 -1.418475340991611322e+00
0.000000000000000000e+00 0.000000000000000000e+00 0.000000000000000000e+00 1.000000000000000000e+00
1.880673661751044654e-02 -9.998231559587512640e-01 -4.123155505662960405e-17 -3.643813268027240326e+01
9.998231559576167271e-01 1.880673661748910597e-02 1.065264267100629067e-06 4.262856277288153528e+00
-1.065075928445417468e-06 -2.003414538315589218e-08 9.999999999988651300e-01 -1.418475340991611322e+00
0.000000000000000000e+00 0.000000000000000000e+00 0.000000000000000000e+00 1.000000000000000000e+00
1.880673661751044654e-02 -9.998231559587512640e-01 -4.123155505662960405e-17 -3.643813268027240326e+01
9.998231559576167271e-01 1.880673661748910597e-02 1.065264267100629067e-06 4.262856277288153528e+00
-1.065075928445417468e-06 -2.003414538315589218e-08 9.999999999988651300e-01 -1.418475340991611322e+00
0.000000000000000000e+00 0.000000000000000000e+00 0.000000000000000000e+00 1.000000000000000000e+00
1.880673661751044654e-02 -9.998231559587512640e-01 -4.123155505662960405e-17 -3.643813268027240326e+01
9.998231559576167271e-01 1.880673661748910597e-02 1.065264267100629067e-06 4.262856277288153528e+00
-1.065075928445417468e-06 -2.003414538315589218e-08 9.999999999988651300e-01 -1.418475340991611322e+00
0.000000000000000000e+00 0.000000000000000000e+00 0.000000000000000000e+00 1.000000000000000000e+00
1.880673661751044654e-02 -9.998231559587512640e-01 -4.123155505662960405e-17 -3.643813268027240326e+01
9.998231559576167271e-01 1.880673661748910597e-02 1.065264267100629067e-06 4.262856277288153528e+00
-1.065075928445417468e-06 -2.003414538315589218e-08 9.999999999988651300e-01 -1.418475340991611322e+00
0.000000000000000000e+00 0.000000000000000000e+00 0.000000000000000000e+00 1.000000000000000000e+00
1.880673661751044654e-02 -9.998231559587512640e-01 -4.123155505662960405e-17 -3.643813268027240326e+01
9.998231559576167271e-01 1.880673661748910597e-02 1.065264267100629067e-06 4.262856277288153528e+00
-1.065075928445417468e-06 -2.003414538315589218e-08 9.999999999988651300e-01 -1.418475340991611322e+00
0.000000000000000000e+00 0.000000000000000000e+00 0.000000000000000000e+00 1.000000000000000000e+00
1.880673661751044654e-02 -9.998231559587512640e-01 -4.123155505662960405e-17 -3.643813268027240326e+01
9.998231559576167271e-01 1.880673661748910597e-02 1.065264267100629067e-06 4.262856277288153528e+00
-1.065075928445417468e-06 -2.003414538315589218e-08 9.999999999988651300e-01 -1.418475340991611322e+00
0.000000000000000000e+00 0.000000000000000000e+00 0.000000000000000000e+00 1.000000000000000000e+00
1.880673661751044654e-02 -9.998231559587512640e-01 -4.123155505662960405e-17 -3.643813268027240326e+01
9.998231559576167271e-01 1.880673661748910597e-02 1.065264267100629067e-06 4.262856277288153528e+00
-1.065075928445417468e-06 -2.003414538315589218e-08 9.999999999988651300e-01 -1.418475340991611322e+00
0.000000000000000000e+00 0.000000000000000000e+00 0.000000000000000000e+00 1.000000000000000000e+00
1.880673661751044654e-02 -9.998231559587512640e-01 -4.123155505662960405e-17 -3.643813268027240326e+01
9.998231559576167271e-01 1.880673661748910597e-02 1.065264267100629067e-06 4.262856277288153528e+00
-1.065075928445417468e-06 -2.003414538315589218e-08 9.999999999988651300e-01 -1.418475340991611322e+00
0.000000000000000000e+00 0.000000000000000000e+00 0.000000000000000000e+00 1.000000000000000000e+00
1.880673661751044654e-02 -9.998231559587512640e-01 -4.123155505662960405e-17 -3.643813268027240326e+01
9.998231559576167271e-01 1.880673661748910597e-02 1.065264267100629067e-06 4.262856277288153528e+00
-1.065075928445417468e-06 -2.003414538315589218e-08 9.999999999988651300e-01 -1.418475340991611322e+00
0.000000000000000000e+00 0.000000000000000000e+00 0.000000000000000000e+00 1.000000000000000000e+00
1.880673661751044654e-02 -9.998231559587512640e-01 -4.123155505662960405e-17 -3.643813268027240326e+01
9.998231559576167271e-01 1.880673661748910597e-02 1.065264267100629067e-06 4.262856277288153528e+00
-1.065075928445417468e-06 -2.003414538315589218e-08 9.999999999988651300e-01 -1.418475340991611322e+00
0.000000000000000000e+00 0.000000000000000000e+00 0.000000000000000000e+00 1.000000000000000000e+00
1.880506662530881390e-02 -9.998231576194288595e-01 -2.145766880535495064e-06 -3.643810514923761446e+01
9.998231576237917029e-01 1.880506662310465690e-02 5.326320785449709327e-07 4.262795995050572273e+00
-4.921866171701306693e-07 -2.155403704128612245e-06 9.999999999951119101e-01 -1.418551734945093346e+00
0.000000000000000000e+00 0.000000000000000000e+00 0.000000000000000000e+00 1.000000000000000000e+00
1.871853535046802061e-02 -9.998247495873678892e-01 1.626014605085293781e-04 -3.645109715020386432e+01
9.998247756095001160e-01 1.871853782934515542e-02 1.757686035794085147e-05 4.259268972720338553e+00
-2.061744307932116381e-05 1.622439472692878155e-04 9.999999732518196627e-01 -1.412564065166875382e+00
0.000000000000000000e+00 0.000000000000000000e+00 0.000000000000000000e+00 1.000000000000000000e+00
1.944462640750545951e-02 -9.998108563228862433e-01 4.717111084614302504e-04 -3.649832910832648736e+01
9.998109574278488676e-01 1.944464628002262954e-02 3.834951688540021918e-05 4.284859680645505264e+00
-4.751452285880661107e-05 4.708762426392399812e-04 9.999998952272254327e-01 -1.401259835516011520e+00
0.000000000000000000e+00 0.000000000000000000e+00 0.000000000000000000e+00 1.000000000000000000e+00
2.143166415683021853e-02 -9.997701068822386627e-01 7.328986140256119877e-04 -3.658820325061535073e+01
9.997703403287889756e-01 2.143171400757719336e-02 6.072004203066079319e-05 4.355862873709905436e+00
-7.641335255763551256e-05 7.314289908900751831e-04 9.999997571958633147e-01 -1.391673258402741808e+00
0.000000000000000000e+00 0.000000000000000000e+00 0.000000000000000000e+00 1.000000000000000000e+00
2.315618872885843310e-02 -9.997314003279409445e-01 9.636876816626821019e-04 -3.673426377744154081e+01
9.997318452485743911e-01 2.315625816587755376e-02 6.285056298095593097e-05 4.416638565581337161e+00
-8.514907895365864132e-05 9.619738926513185040e-04 9.999995441928172246e-01 -1.383023964651743043e+00
0.000000000000000000e+00 0.000000000000000000e+00 0.000000000000000000e+00 1.000000000000000000e+00
2.575178142274691176e-02 -9.996677021151147979e-01 1.139759791692103539e-03 -3.693738963102188677e+01
9.996683341144046997e-01 2.575188813764370949e-02 7.989476658831792095e-05 4.509199859138368183e+00
-1.092191838920174030e-04 1.137324349414870839e-03 9.999993502151182101e-01 -1.376347881795909389e+00
0.000000000000000000e+00 0.000000000000000000e+00 0.000000000000000000e+00 1.000000000000000000e+00
2.852809258422628336e-02 -9.995922846922571381e-01 1.160859660407019414e-03 -3.719562354812566696e+01
9.995929651100867730e-01 2.852820146058006323e-02 7.723159187796363912e-05 4.608674701172756016e+00
-1.103173476975841653e-04 1.158183892903172319e-03 9.999993020907042007e-01 -1.375257252762076554e+00
0.000000000000000000e+00 0.000000000000000000e+00 0.000000000000000000e+00 1.000000000000000000e+00
3.127845915593204656e-02 -9.995103697408810328e-01 8.223055414452022129e-04 -3.747672965782865617e+01
9.995106817552675826e-01 3.127851669109396604e-02 5.752425343470264033e-05 4.708229458535895695e+00
-8.321657964337436609e-05 8.201038991691077468e-04 9.999996781323409190e-01 -1.387647770060737695e+00
0.000000000000000000e+00 0.000000000000000000e+00 0.000000000000000000e+00 1.000000000000000000e+00
3.374765997861064321e-02 -9.994303656873515518e-01 2.884864978892942079e-04 -3.774242041248355406e+01
9.994303875857812880e-01 3.374766653126439614e-02 3.249057315700471562e-05 4.798690441315160093e+00
-4.220780595453512953e-05 2.872256852206298591e-04 9.999999753245515377e-01 -1.407641343178629434e+00
0.000000000000000000e+00 0.000000000000000000e+00 0.000000000000000000e+00 1.000000000000000000e+00
3.581778760340473960e-02 -9.993583308980859004e-01 -1.273155140348797623e-04 -3.798010025671489132e+01
9.993583470315723360e-01 3.581778465313661952e-02 1.384843263360688592e-05 4.875342620511117886e+00
-9.279386713498795699e-06 -1.277298469914551994e-04 9.999999835989799024e-01 -1.423416687383266321e+00
0.000000000000000000e+00 0.000000000000000000e+00 0.000000000000000000e+00 1.000000000000000000e+00
3.755611499721268898e-02 -9.992945198707301468e-01 -2.748966349679366882e-04 -3.819456714393538732e+01
9.992945358821362367e-01 3.755611338869657700e-02 7.989482912527092688e-06 4.940268518147600041e+00
2.340202986763495259e-06 -2.750027579051344249e-04 9.999999839726556594e-01 -1.429102180758782925e+00
0.000000000000000000e+00 0.000000000000000000e+00 0.000000000000000000e+00 1.000000000000000000e+00
3.910993751874795171e-02 -9.992349213860842738e-01 -3.838539042305852639e-05 -3.841793645920681399e+01
9.992349227334921258e-01 3.910993658936002398e-02 1.278316953381893705e-05 4.998584713609178110e+00
-1.127213972683682063e-05 -3.885596872439556773e-05 9.999999983631524536e-01 -1.420022498084375862e+00
0.000000000000000000e+00 0.000000000000000000e+00 0.000000000000000000e+00 1.000000000000000000e+00
4.044044771640591118e-02 -9.991819228720150159e-01 3.015994754328375728e-04 -3.867703959135825187e+01
9.991819534246091372e-01 4.044045447086118406e-02 1.757686502151401884e-05 5.048602286730056399e+00
-2.975930268453288180e-05 3.006419434662745984e-04 9.999999683334538370e-01 -1.406793081268919776e+00
0.000000000000000000e+00 0.000000000000000000e+00 0.000000000000000000e+00 1.000000000000000000e+00
4.174063910050507253e-02 -9.991284666793492919e-01 2.688169320907449829e-04 -3.895164668111624451e+01
9.991284787517662469e-01 4.174064232789109763e-02 1.438107036881296816e-05 5.097999502593975940e+00
-2.558912657924275233e-05 2.679823768690576592e-04 9.999999871352894809e-01 -1.407983214657980486e+00
0.000000000000000000e+00 0.000000000000000000e+00 0.000000000000000000e+00 1.000000000000000000e+00
4.299860173531084434e-02 -9.990751508696043004e-01 -4.482269034181908838e-05 -3.920746083294730511e+01
9.990751527848052982e-01 4.299860076630927785e-02 1.171790807417137206e-05 5.146480394339103093e+00
-9.779757672230993221e-06 -4.528508865198425644e-05 9.999999978536171508e-01 -1.420297788063383360e+00
0.000000000000000000e+00 0.000000000000000000e+00 0.000000000000000000e+00 1.000000000000000000e+00
4.404807878007976213e-02 -9.990294274803784846e-01 -2.667903576511354720e-04 -3.943978313459818708e+01
9.990294381314065442e-01 4.404806623113980552e-02 4.314321270850064439e-05 5.187328601409596729e+00
-3.134973492070381612e-05 -2.684318124470567524e-04 9.999999865662114740e-01 -1.429254030390399777e+00
0.000000000000000000e+00 0.000000000000000000e+00 0.000000000000000000e+00 1.000000000000000000e+00
4.494268230452404256e-02 -9.989894685119875550e-01 -3.765821072824348148e-04 -3.966277717474193309e+01
9.989895336393227465e-01 4.494262838231814772e-02 1.480717585334611936e-04 5.222449478225479780e+00
-1.309975377878521124e-04 -3.828563254913227459e-04 9.999998958653053549e-01 -1.434062219658555737e+00
0.000000000000000000e+00 0.000000000000000000e+00 0.000000000000000000e+00 1.000000000000000000e+00
4.575223594451587744e-02 -9.989526951258504983e-01 -4.016160369896059159e-04 -3.989674417303542953e+01
9.989527712267682880e-01 4.575211268494135120e-02 3.105244803679569027e-04 5.254470294688339038e+00
-2.918244656781000205e-04 -4.154026522634459914e-04 9.999998614883748305e-01 -1.435587436923121629e+00
0.000000000000000000e+00 0.000000000000000000e+00 0.000000000000000000e+00 1.000000000000000000e+00
4.635645504715588117e-02 -9.989247585844436284e-01 -5.977153067132175059e-04 -4.016391187133304186e+01
9.989247933120697365e-01 4.635610103985741970e-02 5.960153071224795528e-04 5.278531831228173488e+00
-5.676666485357989393e-04 -6.247017978227175803e-04 9.999996451299346667e-01 -1.444365375670563001e+00
0.000000000000000000e+00 0.000000000000000000e+00 0.000000000000000000e+00 1.000000000000000000e+00
4.701803390338481908e-02 -9.988932280666611430e-01 -1.259564940133081319e-03 -4.043813265001909940e+01
9.988938332896128980e-01 4.701726461087866321e-02 6.311685940748644821e-04 5.305172299031154282e+00
-5.712487562679574409e-04 -1.287848005009257406e-03 9.999989687955785911e-01 -1.470735473948455718e+00
0.000000000000000000e+00 0.000000000000000000e+00 0.000000000000000000e+00 1.000000000000000000e+00
4.770695195071831402e-02 -9.988594746437668981e-01 -1.974342612427322421e-03 -4.068966972085488010e+01
9.988614097795102120e-01 4.770682521674163984e-02 1.107872515649418327e-04 5.333005183064145172e+00
-1.647128189672165908e-05 -1.977380033739341118e-03 9.999980566468654741e-01 -1.496861003033931325e+00
0.000000000000000000e+00 0.000000000000000000e+00 0.000000000000000000e+00 1.000000000000000000e+00
5.589886866925324049e-02 -9.984334753454073841e-01 -2.440569351158167286e-03 -4.087598839301452358e+01
9.984364444160546137e-01 5.589839326418587218e-02 2.631195408298983617e-04 5.659067214169418492e+00
-1.262834472379815499e-04 -2.451461422639817939e-03 9.999970142174718912e-01 -1.516758935416959719e+00
0.000000000000000000e+00 0.000000000000000000e+00 0.000000000000000000e+00 1.000000000000000000e+00
7.589494550860817479e-02 -9.971127759625727505e-01 -2.463337906201117089e-03 -4.098602778870498753e+01
9.971156520828854397e-01 7.589336967019891245e-02 7.243773848858628796e-04 6.455365339139254033e+00
-5.353348995072535615e-04 -2.511209431033215120e-03 9.999966854882030853e-01 -1.520872805801208427e+00
0.000000000000000000e+00 0.000000000000000000e+00 0.000000000000000000e+00 1.000000000000000000e+00
9.948167122692337661e-02 -9.950366897684416179e-01 -2.322671514928579053e-03 -4.107916446476114913e+01
9.950393733487284953e-01 9.948042399963501203e-02 6.503421439409515399e-04 7.396304837132145593e+00
-4.160539595590882701e-04 -2.375846575874142243e-03 9.999971028714044197e-01 -1.515158717692517198e+00
0.000000000000000000e+00 0.000000000000000000e+00 0.000000000000000000e+00 1.000000000000000000e+00
1.218985189079590387e-01 -9.925393695417186191e-01 -2.535220937431676043e-03 -4.117608334659685454e+01
9.925425489560834036e-01 1.218974100487634910e-01 5.890892556601951598e-04 8.294687134087965319e+00
-2.756573907259010766e-04 -2.588123832687903771e-03 9.999966230819471447e-01 -1.523910641337844929e+00
0.000000000000000000e+00 0.000000000000000000e+00 0.000000000000000000e+00 1.000000000000000000e+00
1.410366637454560645e-01 -9.899988864065597527e-01 -3.284209764743429780e-03 -4.126641638104786125e+01
9.900043351541888415e-01 1.410354183607141765e-01 6.135889357709631937e-04 9.065938255188292771e+00
-1.442624650778679633e-04 -3.337920387312108030e-03 9.999943806753197606e-01 -1.555186903131924980e+00
0.000000000000000000e+00 0.000000000000000000e+00 0.000000000000000000e+00 1.000000000000000000e+00
1.570489680062149840e-01 -9.875826043534808862e-01 -4.026162655680960711e-03 -4.135040354503833271e+01
9.875908489596270101e-01 1.570478586950373179e-01 5.922820129978286895e-04 9.714416098588124271e+00
4.737281260117328697e-05 -4.069219255155251749e-03 9.999917241904200393e-01 -1.585558613687024776e+00
0.000000000000000000e+00 0.000000000000000000e+00 0.000000000000000000e+00 1.000000000000000000e+00
1.713101288173700387e-01 -9.852069189615011435e-01 -4.490598796707884720e-03 -4.143639735502122790e+01
9.852171151677551197e-01 1.713089817887064603e-01 6.423479345521840474e-04 1.029453260670650039e+01
1.364342322605067547e-04 -4.534255711664023775e-03 9.999896738034831367e-01 -1.605114289218787071e+00
0.000000000000000000e+00 0.000000000000000000e+00 0.000000000000000000e+00 1.000000000000000000e+00
1.851135124423057832e-01 -9.827063436905677518e-01 -4.613145023779387233e-03 -4.153355651770365853e+01
9.827171427089542721e-01 1.851118635314809024e-01 7.850912832256612623e-04 1.085861834810022586e+01
8.243365060704405751e-05 -4.678747676824474531e-03 9.999890696604921692e-01 -1.611542295776884570e+00
0.000000000000000000e+00 0.000000000000000000e+00 0.000000000000000000e+00 1.000000000000000000e+00
2.063994955888079630e-01 -9.784573075746667570e-01 -4.536971188970091197e-03 -4.155759117382118006e+01
9.784677085581754419e-01 2.063948554276806291e-01 1.473245135256798363e-03 1.173390149681642214e+01
-5.050999794558279224e-04 -4.743356622713267891e-03 9.999886297998991092e-01 -1.616187809296037114e+00
0.000000000000000000e+00 0.000000000000000000e+00 0.000000000000000000e+00 1.000000000000000000e+00
2.259703039570186422e-01 -9.741242274363205444e-01 -4.405841407089828611e-03 -4.157745320616821516e+01
9.741341890470226472e-01 2.259667876714975543e-01 1.285761240962641182e-03 1.254143743544370437e+01
-2.569174164697013972e-04 -4.582424368734712775e-03 9.999894852914901211e-01 -1.608742778501255799e+00
0.000000000000000000e+00 0.000000000000000000e+00 0.000000000000000000e+00 1.000000000000000000e+00
2.501012960923849060e-01 -9.682099642345602941e-01 -4.341468936920930832e-03 -4.149281867297652582e+01
9.682195975077527716e-01 2.500968545276554544e-01 1.545150284692213506e-03 1.354339950152928651e+01
-4.102422050186297383e-04 -4.589939642995748137e-03 9.999893736709857262e-01 -1.609931688267806082e+00
0.000000000000000000e+00 0.000000000000000000e+00 0.000000000000000000e+00 1.000000000000000000e+00
2.755333674871899841e-01 -9.612828172359452195e-01 -4.088508870308044628e-03 -4.134730482943837160e+01
9.612915562000087233e-01 2.755305691179080751e-01 1.243152638535419607e-03 1.460166785204294371e+01
-6.851213509347110211e-05 -4.272779354430018307e-03 9.999908580918385193e-01 -1.595698467560119127e+00
0.000000000000000000e+00 0.000000000000000000e+00 0.000000000000000000e+00 1.000000000000000000e+00
2.995398848146697546e-01 -9.540772837719052601e-01 -3.520123513924217420e-03 -4.120577433713253868e+01
9.540837940628350555e-01 2.995385897425164035e-01 9.033383967290625283e-04 1.560362481947938562e+01
1.925581563142178445e-04 -3.629078749418093112e-03 9.999934087816063633e-01 -1.567109538086807197e+00
0.000000000000000000e+00 0.000000000000000000e+00 0.000000000000000000e+00 1.000000000000000000e+00
3.332964846119865765e-01 -9.428175229854000028e-01 -2.919311853849975054e-03 -4.088846410521325936e+01
9.428220643064378903e-01 3.332944011072697110e-01 1.196819133408145649e-03 1.701993376961610238e+01
-1.553918634449167788e-04 -3.151287087651855837e-03 9.999949924029736259e-01 -1.547018039180072080e+00
0.000000000000000000e+00 0.000000000000000000e+00 0.000000000000000000e+00 1.000000000000000000e+00
3.699017570272908895e-01 -9.290667179474669801e-01 -2.766962876187122836e-03 -4.045754322970607575e+01
9.290708802782132736e-01 3.699005841770821590e-01 9.406247297674671980e-04 1.856008400321935881e+01
1.495981413980031964e-04 -2.918643291978672422e-03 9.999956910525438225e-01 -1.536256520820324489e+00
0.000000000000000000e+00 0.000000000000000000e+00 0.000000000000000000e+00 1.000000000000000000e+00
4.006181704361151397e-01 -9.162411875447146192e-01 -2.689238969751975381e-03 -4.006274639371439150e+01
9.162449957332592376e-01 4.006173272323489964e-01 8.612627153873593858e-04 1.985731154621332450e+01
2.882313893582663981e-04 -2.809039429696779614e-03 9.999960197158092035e-01 -1.531263606849484038e+00
0.000000000000000000e+00 0.000000000000000000e+00 0.000000000000000000e+00 1.000000000000000000e+00
4.337366728853406239e-01 -9.010362454988254388e-01 -2.493855580414208132e-03 -3.953271922308216801e+01
9.010396382774640278e-01 4.337340151341291250e-01 1.549421468364879694e-03 2.126282356004482210e+01
-3.144150003407095205e-04 -2.919103604739939264e-03 9.999956714932295432e-01 -1.537429064347983765e+00
0.000000000000000000e+00 0.000000000000000000e+00 0.000000000000000000e+00 1.000000000000000000e+00
4.686148191687478093e-01 -8.834005694290222310e-01 -1.893519078189423010e-03 -3.889793196934374464e+01
8.834021825814672990e-01 4.686114573640473568e-01 1.975527578694891411e-03 2.274509033987839501e+01
-8.578574268239907118e-04 -2.598500406694321131e-03 9.999962669550536143e-01 -1.523789141405871073e+00
0.000000000000000000e+00 0.000000000000000000e+00 0.000000000000000000e+00 1.000000000000000000e+00
5.038826809072716184e-01 -8.637714235805623586e-01 -1.136064181827039533e-03 -3.820881879793309110e+01
8.637712230436035421e-01 5.038798045932310066e-01 2.110817942455392015e-03 2.424847226584828519e+01
-1.250824303460545744e-03 -2.044904153484408075e-03 9.999971148205000215e-01 -1.498982291551114177e+00
0.000000000000000000e+00 0.000000000000000000e+00 0.000000000000000000e+00 1.000000000000000000e+00
5.456828693827687760e-01 -8.379914146888038928e-01 -8.224246408208476513e-04 -3.724084597136021557e+01
8.379902780720921429e-01 5.456796838926150084e-01 2.450637384547098892e-03 2.603994872796101134e+01
-1.604832500118412442e-03 -2.026454593420236577e-03 9.999966558432448194e-01 -1.498132295266109804e+00
0.000000000000000000e+00 0.000000000000000000e+00 0.000000000000000000e+00 1.000000000000000000e+00
5.822215836195963057e-01 -8.130297613289269032e-01 -7.867811647208457562e-04 -3.630276575694522023e+01
8.130296728575054921e-01 5.822198562460305649e-01 1.687377331809288049e-03 2.760941850119434093e+01
-9.138084348280001070e-04 -1.622103924248183802e-03 9.999982622647928254e-01 -1.478399216052933118e+00
0.000000000000000000e+00 0.000000000000000000e+00 0.000000000000000000e+00 1.000000000000000000e+00
6.171108430563458924e-01 -7.868758856324318263e-01 -8.207558440924338054e-04 -3.529065151809190581e+01
7.868760536623667923e-01 6.171094678583711746e-01 1.447160863645252172e-03 2.911524722482991479e+01
-6.322398251445797684e-04 -1.538891794546286751e-03 9.999986625949174313e-01 -1.474121406352827179e+00
0.000000000000000000e+00 0.000000000000000000e+00 0.000000000000000000e+00 1.000000000000000000e+00
6.480590298642381342e-01 -7.615898102395893821e-01 -6.120203339188369290e-04 -3.432053484702515789e+01
7.615900397652876075e-01 6.480583906755763568e-01 9.534113295186349632e-04 3.045397320218536663e+01
-3.294834230084447762e-04 -1.083975452055824240e-03 9.999993720885625992e-01 -1.452813589824252682e+00
0.000000000000000000e+00 0.000000000000000000e+00 0.000000000000000000e+00 1.000000000000000000e+00
6.765501172554685416e-01 -7.363965138025515555e-01 -2.205371520534124563e-04 -3.337607164064368703e+01
7.363964708216846899e-01 6.765498120167664498e-01 7.590007918053646736e-04 3.169138456124090908e+01
-4.097212069789196156e-04 -6.759048754503595158e-04 9.999996733042545438e-01 -1.433886123330434970e+00
0.000000000000000000e+00 0.000000000000000000e+00 0.000000000000000000e+00 1.000000000000000000e+00
7.116693033736033458e-01 -7.025146479449281278e-01 1.156324877419816907e-05 -3.205201130290518563e+01
7.025140408948920001e-01 7.116687240217693944e-01 1.263935520212451560e-03 3.322623196893867714e+01
-8.961624351329703893e-04 -8.913807276628882715e-04 9.999991771929546136e-01 -1.443853889231422105e+00
0.000000000000000000e+00 0.000000000000000000e+00 0.000000000000000000e+00 1.000000000000000000e+00
7.430150650188644956e-01 -6.692746676639284020e-01 -6.926065242164861806e-05 -3.075969353292660458e+01
6.692745415636182083e-01 7.430148884706283541e-01 6.908240257574069882e-04 3.460044389088641026e+01
-4.108893486917181885e-04 -5.596470161341844055e-04 9.999997563836681147e-01 -1.428168189700840029e+00
0.000000000000000000e+00 0.000000000000000000e+00 0.000000000000000000e+00 1.000000000000000000e+00
